76372
56163
30
2
7
48644
9
1
1512
2
22212
8
257
8
5
80023
1
102
90695
4459
8
9856
864
92996
5675
84320
677
208
71
9
42
4617
61007
0018
2
6587
7
1
09
80
2
8791
694
701
23765
1
44
7
043
807
60529
52300
108
11
2052
7298
63
241
54147
4
29
0162
67
5
9
291
238
16327
79
28075
42560
01
95
02
31309
467
90897
6352
08242
7544
0
66629
14
7153
4105
57612
805
79370
57502
51289
287
27250
117
3814
8274
032
40132
3681
1
387
6
6
2
2
1621
67
0252
2
19
1
6523
1
01
84
5173
5747
14
79286
09
52942
3880
6909
8446
914
8
71
7695
3
52614
63349
804
